3
9
29
7
2
44
78775
773
538
87321
915
798
336
9482
11
8
7
314
651
2764
5469
41
8
641
8
4
3259
58
9
153
1
6
77
9
451
871
9
7854
841
9745
3
192
7
665
3
5
8
645
67
186
4972
747
8
46
9239
463
434
7
85
11
95
9
8
6
9
4289
5561
8
417
3
33
173
9
8
27
8
44
3
41
741
8
91
4
85
1
42
48
34
952
8212
8
6
43
61
2
54844
8
9
2
2
298
4
4
7259
65
8619
16
67
394
6
1496
2
33
1
2
318
2
532
3877
3878
2224
479
5
23
83
8
125
948
7
34
1
33
343
68
9328
2
1518
4
847
6
4
14
9168
56
4891
2
493
7
986
53
51
9
1
78643
4
721
41
3718
11
4
54
63
1444
5435
86
622
5
4
27
48
9
5713
77
963
4
3
5
65
59
14
9
28
146
45
81
937
841
356
491
8
1
6669
9
59
12
3914
23863
81
67
7
26
42
31228
589
44
736
3
798
83
716
64925
3
9
6437
7266
11
1
141
41
167
1
227
795
61
5332
231
89
8625
24
97548
2
7573
52
493
476
24
61
95
38
684
3
3968
8
99
9153
7
72695
873
31
5
774
42
7466
779
35
1
56
2
21
3929
82
8
7
76
44
5
39
159
9831
8
5
499
4
7
1
4
63
849
711
1
64
22
5122
61
5
89
6
95
7
785
41
96
683
14
1
7
95
435
823
72
9
375
5
52
7
476
94
413
557
47
734
2162
753
83
13
296
24
65
5
7
8786
32
4
7
27
1
4
8
75691
8
2
3921
5
27
9
1
2814
1
32
959
6
8
74
27
8
4
9521
42416
34
46
64
69
4463
22
8
7925
14
3
7
971
3
42
48
1262
46
137
3476
25
21
77
696
785
1
55
7
66
39
16833
49
9324
8
9419
62
8
36
79
114
737
4
534
5
894
783
28
8392
3
375
34
39
5775
52
41541
87
33
753
28
11
6
3
39
41
9985
6
55
2473
8
1
8
9
3
9
46
5
728
67
6
75
4
74
7
2
95
2
673
1
434
96
485
7869
8
2
19
51148
287
488
569
28
2
56
867
312
3
1
836
19711
7
36
177
1
5
432
2922
2
1681
2
7
11
135
4946
4
8
98
15
77197
82
1
4758
9
9351
7
7
63
5
3
86
11
342124
5
9
6914
854
957
65
1
745
85
51
2238
69
68
1
6
623
942
58
623
323
836
89
24
7543795
92
88
9
8
8
7
652
19
25
3
4
43
52
165
68
66
54
8
26
424
699
4
9
4
8477
46312
3
2
367
6
6
294
72
91
66
1
167
4
2
62
96825
39
8
5
9
744624
578
22593
6
2378
17
3
718
95
2
67
425
457
75
665
6
75
88
5
77
15
31
6295
77
8
8
6
23
26
716
49294
332
81
69
74
813
2
81
22446
1
279
72
1
12
471
51389
643
56
6811
33
18839
43275
14
3
19
3
8328
9313465
24
78
5
796
6844
993
4
7
97
1
79
7
37
6
6943
17
413
93546
1
35
4
18
29
1
41362
9
67
9
77
9
74
829
6
78
285731
5634
2421
448
92
3128
6
99
5
3
5
87
7
412
2
339
464
183583
575
33896
177
171
24
18
739
7
35
2
5
45
9
7
42
96
958716
48
54656
6
3
12
356
48
99275
3626
5
6
32
998
319
88485
39
88
288
6781
41
3
8
3
4
55
68
11647
7
121
276
52
56
1
6
9
3
18
8
774
63
3115
7
423
548
31
63
7
38
4381
82567
2
2
449
7
65
8533
25
31
625
1
4985
95
9
35
3
1
84
9
251
628
93
15
8
73
837
76
53
677
96
38
33
876
65
22
4
7424
77
451
7568
45649
885
277
8
338
3245
869
29
73
73
9
2
8
599698
93
372
8
38
4357
537
6
53
9144
989
3
3
289
2745
9
51
424
1
491
292
17
8556
5
433
3
67
98
56
546
34
4
867
6915
81
51
325
7
83
46
7
1259
4
665
9
34
9
27
16
555
5
537
71
627429
8
89
269
1
98
8
39
16
4235
277
1
246
65
579
2
63
672
193
7
98
7896
6
81
3
24
876
8
39
9135
6
3345
47
67
944325
48
582
29
9
224
2339
3
9
27
72
7
61
851
3
9149
384
4596
3
6
839
61
3
38
77
19
5
3
78
22
7565
193
79
2
4173
892
6
5285
8
19
194
6
49
42
8
62
53316
7
7
45
9
2
477
664
7
2947
9
1848
1
879
95
32
727
64
2
9
7
29
745
13
4572
1248
13
9871
478
8
14
78
15464
571
3
57
4
68
25
6
83
8
253
7
482
28
8
95
9
547
191
231
23
292
11
55
97
892
6
3
51
6
926
272723
8
218
3
75447
16
21
675
36
7
64
43
44
65
63
81393
86
172
3
