33
99
29
77
22
44
75
73
58
81
95
78
36
92
11
88
77
34
61
24
59
41
88
61
88
44
39
58
99
13
11
66
77
99
41
81
99
74
81
95
33
12
77
65
33
55
88
65
67
16
42
77
88
46
99
43
44
77
85
11
95
99
88
66
99
49
51
88
47
33
33
13
99
88
27
88
44
33
41
71
88
91
44
85
11
42
48
34
92
82
88
66
43
61
22
54
88
99
22
22
28
44
44
79
65
89
16
67
34
66
16
22
33
11
22
38
22
52
37
38
24
49
55
23
83
88
15
98
77
34
11
33
33
68
98
22
18
44
87
66
44
14
98
56
41
22
43
77
96
53
51
99
11
73
44
71
41
38
11
44
54
63
14
55
86
62
55
44
27
48
99
53
77
93
44
33
55
65
59
14
99
28
16
45
81
97
81
36
41
88
11
69
99
59
12
34
23
81
67
77
26
42
38
59
44
76
33
78
83
76
65
33
99
67
76
11
11
11
41
17
11
27
75
61
52
21
89
85
24
98
22
73
52
43
46
24
61
95
38
64
33
38
88
99
93
77
75
83
31
55
74
42
76
79
35
11
56
22
21
39
82
88
77
76
44
55
39
19
91
88
55
49
44
77
11
44
63
89
71
11
64
22
52
61
55
89
66
95
77
75
41
96
63
14
11
77
95
45
83
72
99
35
55
52
77
46
94
43
57
47
74
22
73
83
13
26
24
65
55
77
86
32
44
77
27
11
44
88
71
88
22
31
55
27
99
11
24
11
32
99
66
88
74
27
88
44
91
46
34
46
64
69
43
22
88
75
14
33
77
91
33
42
48
12
46
17
36
25
21
77
66
75
11
55
77
66
39
13
49
94
88
99
62
88
36
79
14
77
44
54
55
84
73
28
82
33
35
34
39
55
52
41
87
33
73
28
11
66
33
39
41
95
66
55
23
88
11
88
99
33
99
46
55
78
67
66
75
44
74
77
22
95
22
63
11
44
96
45
79
88
22
19
58
27
48
59
28
22
56
87
32
33
11
86
11
77
36
17
11
55
42
22
22
11
22
77
11
15
46
44
88
98
15
77
82
11
48
99
91
77
77
63
55
33
86
11
34
55
99
64
84
97
65
11
75
85
51
28
69
68
11
66
63
92
58
63
33
86
89
24
75
92
88
99
88
88
77
62
19
25
33
44
43
52
15
68
66
54
88
26
44
69
44
99
44
87
42
33
22
37
66
66
24
72
91
66
11
17
44
22
62
95
39
88
55
99
74
58
23
66
28
17
33
78
95
22
67
45
47
75
65
66
75
88
55
77
15
31
65
77
88
88
66
23
26
76
44
32
81
69
74
83
22
81
26
11
29
72
11
12
41
59
63
56
61
33
19
45
14
33
19
33
88
95
24
78
55
76
64
93
44
77
97
11
79
77
37
66
63
17
43
96
11
35
44
18
29
11
42
99
67
99
77
99
74
89
66
78
21
54
21
48
92
38
66
99
55
33
55
87
77
42
22
39
44
13
55
36
17
11
24
18
79
77
35
22
55
45
99
77
42
96
96
48
56
66
33
12
36
48
95
36
55
66
32
98
39
85
39
88
28
61
41
33
88
33
44
55
68
17
77
11
26
52
56
11
66
99
33
18
88
74
63
35
77
43
58
31
63
77
38
41
87
22
22
49
77
65
83
25
31
65
11
45
95
99
35
33
11
84
99
21
68
93
15
88
73
87
76
53
67
96
38
33
86
65
22
44
74
77
41
78
49
85
27
88
38
35
89
29
73
73
99
22
88
58
93
32
88
38
47
57
66
53
94
99
33
33
29
25
99
51
44
11
41
22
17
86
55
43
33
67
98
56
56
34
44
87
65
81
51
35
77
83
46
77
19
44
65
99
34
99
27
16
55
55
57
71
69
88
89
29
11
98
88
39
16
45
27
11
26
65
59
22
63
62
13
77
98
76
66
81
33
24
86
88
39
95
66
35
47
67
95
48
52
29
99
24
29
33
99
27
72
77
61
81
33
99
34
46
33
66
89
61
33
38
77
19
55
33
78
22
75
13
79
22
43
82
66
55
88
19
14
66
49
42
88
62
56
77
77
45
99
22
47
64
77
27
99
18
11
89
95
32
77
64
22
99
77
29
75
13
42
18
13
91
48
88
14
78
14
51
33
57
44
68
25
66
83
88
23
77
42
28
88
95
99
57
11
21
23
22
11
55
97
82
66
33
51
66
96
23
88
28
33
77
16
21
65
36
77
64
43
44
65
63
83
86
12
33
