3
9614
822249
78783
291
14457
78778755
7793
53387
9877321
915
97984
33736
894182
911
8
78
43148
265441
2276436
54669
4441
84
6411
78
244
325948
1589
96
3513253
1285
86
98767
9
45194
38719
22924
28728554
78471
9745
613
11292
37
665
53
56
9698521
6465
679
186
45972
7447
838
4691
29239
44623
46347
387
61885
79318116
95
219
8
4596
8879
4728918
355288561
16813946
47117
3
332
19737
94
473258
42782
86241
4542
993
9524841
7418
8854
949912
742
985
1
9152642
6284874
34
4952
82212
8549
664
843
621
49329
548454
82183286
1991
1242
7526
29188
458
24
57275998
65886
789619
18316
967
3944
2671
2149669
12
33
67841
48526
4318
32
53128
38477
5387688
2224
142719
95
23
83
8818
12253
948
87633
36741
1
38358
31413
698
393287
662
15118
658324
84373
369
47
411437
916686
5596
7148941
3872
493
77
98656
53
51
984
3196327
7886143
34
73271
89418
3718
697161
4
54544
6365
514464
85245351
8763
5622
5
524
82127
46884
189323
5713
4777
955643
463
37
525
685
549
14332
149
3287
14639
84516
381
7339317
81471
336756
9312491
8963
168
63669
97
459
12
392214
23863818
87841
867
67
28526
2432
4831228
5899
44
736
23
74989
837
716
8649258
138
769368
66437
782665
9116682
421
717441
64511
167
1
622997
217915
61
55332
2313
9689
8862655
2478
4975448
122
725773
6527
493
824576
2412
6176
9915
3581
968425
36
391686
8
98369
915143
7974
726952
8738
29531
82845
7547548
41286
7465648
791799
735
716
3456
258
681212
3459929
887812
88361
719
3764
44962
35
136694
2173651597
8291831
981
21756
499
44
7
81156
4
786318
98649
711
118
67348
225
54912267
6251
5183
27489
4614
95
4373
37385
2541
9965
6836
481194
4145
73
9557
4835
81123
472
597
375
45
521
573
74764
944582
4133
56578
4575
7531459
24162
7583
83
13318
8295617
524
1655
5
7128548
68786
392
746
72
2657
21
494
8
759691
68
82
392271134
5
274
295
17
912814
19
632
79539
2165466
98
51374
2277
8
42
95121
4241566
349
24633
6984
69
3445693
216824
8484
79925
14
85359321
78
397317
932
347292
4867
1262
4966
1337
344763
6255
12771
57171
6769664
69785
14535
55591
37
6673
3219
16833
11497
93248
8
94198
3562
8
1836
7879
185114
673759
4456
21541384
35133
896434
47831
233588
883992
143
7237859
34
1739
59775
852
417357471
687
3366
9753
2381
931133
67
7535
539
4331882
97985
8645
55
24273
8
61
846
91
33
79
746667
135
72882
66735
617
757
24645633
2741337
97
234
259595
27
66735218
31
4354
99269
64865
178569
8
233
716918
5115481
6532876
7488
5669
328
4752
564
758677
34192
2793
1
8366
5198711
9174
383967
17697
12631
5
43271
29822
294
1618616
2
594771
131
1359
4194619
74
871
1988
1547
22771987
67822
1
34775878
896
9351
7
7
613
5
396
1586
18142
342124
5
91
66914
98584
956479
765
44711
7845
853
15197
223889
699
24684
7875211
769
6235
894472
517528
68283
3323
82836
853849
243
57543795582
924
88837
72927
8
61854
82733
65421
1389
49425
23
64
854315
5295
14941654
86189
6961
8544
484
2666
43242
69988
438
329
247
8477
463152
12355
29
367
65
6441
2943
727
913
66625
541
3126776
94742
72
62
968725
39
57818
52
9
743346924
5745848
225983
67875
23375318
51277
3
718
985
2
6769815
42258
4822537
75573
63765
9611
7458
87835
5
7373
1578
53951
62955318
737
893
8
1867
932823
26
9716
249294
3781332
8216
67749
74
8313
92
8191
225446
819
297199
72
1757
152
41714
518389
614232
5614
6628511
7393
5148839
43323758
914
53
195
3
483288
9313465
2458
789
5
79916
16844
9293
54
797
997
1
6157139
75
363737
9627
6943
71447
124135
9335476
16691
3651
754
18854
614291
31
4133362
71691
617
79
7764
93
7547
821459
6
786
82857371
56734
52234211
894488
9542
31128
265
77996
5
35
25
874
78
412
2
23395
464
1835813
381575
3389621
188477
1771
24
18
73299
773
356
23
1952
4553
196
7553
76442
26916
86958716
2488
546156
65
823
12
438156
4458
992375
3336526
353
6
23323
998
4378159
884856
11439
889
2388
1567281
461
1332
8757
23
45
53545
56871
71116747
7
6121
6297621
258258
454556
451
7467
249
3
72188
888
7374
9653
39115
7
4213
548
5311
61329
72
53821
4374813
88215675
42
21
4491
576
46354
85336
25
31771
49625
2913
74963485
955
49
3562
239455
9817
658439
96
287151
6238
96533
1655
83
973
8438758
276
88571391
657719
596
389
33
81764
65
822
274
74224
37972
4551
7568
5456249
81853
2747
82
29537378
43245
8692
2239
793
677543
9
2
1816
58996988
93
372
682
38246
84837357
3353784
637
1536
3914468
922849
33
233636
82689
69257435
986
518
469284
9612814
46291
24592
217
38525562
7715
4338
36
8667
9986987
515561
567476
3594
44
867
61915
3817
55169
381255
57
2838
1446893
177
12459
14
66685
3429
334
96
257
16
5755
656
6537
71926
627429
855
489999
26219
11
989
8
73918
16
442335
22177
91
23476
68533
829579
2
683
6726
6193121
27
98493
785986
6665
21851
59553
264
1876
83
39
913665
6367
31345
4771
637
9454325
48
586279
25299
89999
22143
23393
963
91
2777
72
95746
6417734
185531
37
912749
76384
34596
938
386
5438939
61
184363452
6438
77
1976
55118
352
2633738
242
57565
1913
739
372
4176434
8932
9613
215692854
5681
719
419948
56466
497
5942
1981
62
6533168
37321
7
554455
9
24
92477
5376264
7
294978
393
3189483
17
8791
5958
12932
727
8664
182
19
741
29316
474325
361314
4253782
182448
113
22983714
4478
827
14
78238
15464
57221
433
57
432
8648859
673275
363
3839
786
23253
7
774827
7268
198
952
91
5487
19914
2231
5236
529221
4511
5158
9971
8992
1693
3
251
446
926
12727323
8
21538
3
75447
14366
23124
6275
3363
7
55164
413
144
6895
663231
8215393
8561
21792
68532
