33
99
229
77
22
444
778775
7773
5538
887321
9915
7798
3336
99482
111
88
77
3314
6651
22764
55469
441
88
6641
88
44
33259
558
99
1153
11
66
777
99
4451
8871
99
77854
8841
99745
33
1192
77
6665
33
55
88
6645
667
1186
44972
7747
88
446
99239
4463
4434
77
885
111
995
99
88
66
99
44289
55561
88
4417
33
333
1173
99
88
227
88
444
33
441
7741
88
991
44
885
11
442
448
334
9952
88212
88
66
443
661
22
554844
88
99
22
22
2298
44
44
77259
665
88619
116
667
3394
66
11496
22
333
11
22
3318
22
5532
33877
33878
22224
4479
55
223
883
88
1125
9948
77
334
11
333
3343
668
99328
22
11518
44
8847
66
44
114
99168
556
44891
22
4493
77
9986
553
551
99
11
778643
44
7721
441
33718
111
44
554
663
11444
55435
886
6622
55
44
227
448
99
55713
777
9963
44
33
55
665
559
114
99
228
1146
445
881
9937
8841
3356
4491
88
11
66669
99
559
112
33914
223863
881
667
77
226
442
331228
5589
444
7736
33
7798
883
7716
664925
33
99
66437
77266
111
11
1141
441
1167
11
2227
7795
661
55332
2231
889
88625
224
997548
22
77573
552
4493
4476
224
661
995
338
6684
33
33968
88
999
99153
77
772695
8873
331
55
7774
442
77466
7779
335
11
556
22
221
33929
882
88
77
776
444
55
339
1159
99831
88
55
4499
44
77
11
44
663
8849
7711
11
664
222
55122
661
55
889
66
995
77
7785
441
996
6683
114
11
77
995
4435
8823
772
99
3375
55
552
77
4476
994
4413
5557
447
7734
22162
7753
883
113
2296
224
665
55
77
88786
332
44
77
227
11
44
88
775691
88
22
33921
55
227
99
11
22814
11
332
9959
66
88
774
227
88
44
99521
442416
334
446
664
669
44463
222
88
77925
114
33
77
9971
33
442
448
11262
446
1137
33476
225
221
777
6696
7785
11
555
77
666
339
116833
449
99324
88
99419
662
88
336
779
1114
7737
44
5534
55
8894
7783
228
88392
33
3375
334
339
55775
552
441541
887
333
7753
228
111
66
33
339
441
99985
66
555
22473
88
11
88
99
33
99
446
55
7728
667
66
775
44
774
77
22
995
22
6673
11
4434
996
4485
77869
88
22
119
551148
2287
4488
5569
228
22
556
8867
3312
33
11
8836
119711
77
336
1177
11
55
4432
22922
22
11681
22
77
111
1135
44946
44
88
998
115
777197
882
11
44758
99
99351
77
77
663
55
33
886
111
3342124
55
99
66914
8854
9957
665
11
7745
885
551
22238
669
668
11
66
6623
9942
558
6623
3323
8836
889
224
77543795
992
888
99
88
88
77
6652
119
225
33
44
443
552
1165
668
666
554
88
226
4424
6699
44
99
44
88477
446312
33
22
3367
66
66
2294
772
991
666
11
1167
44
22
662
996825
339
88
55
99
7744624
5578
222593
66
22378
117
33
7718
995
22
667
4425
4457
775
6665
66
775
888
55
777
115
331
66295
777
88
88
66
223
226
7716
449294
3332
881
669
774
8813
22
881
222446
11
2279
772
11
112
4471
551389
6643
556
66811
333
118839
443275
114
33
119
33
88328
99313465
224
778
55
7796
66844
9993
44
77
997
11
779
77
337
66
66943
117
4413
993546
11
335
44
118
229
11
441362
99
667
99
777
99
774
8829
66
778
2285731
55634
22421
4448
992
33128
66
999
55
33
55
887
77
4412
22
3339
4464
1183583
5575
333896
1177
1171
224
118
7739
77
335
22
55
445
99
77
442
996
9958716
448
554656
66
33
112
3356
448
999275
33626
55
66
332
9998
3319
888485
339
888
2288
66781
441
33
88
33
44
555
668
111647
77
1121
2276
552
556
11
66
99
33
118
88
7774
663
33115
77
4423
5548
331
663
77
338
44381
882567
22
22
4449
77
665
88533
225
331
6625
11
44985
995
99
335
33
11
884
99
2251
6628
993
115
88
773
8837
776
553
6677
996
338
333
8876
665
222
44
77424
777
4451
77568
445649
8885
2277
88
3338
33245
8869
229
773
773
99
22
88
5599698
993
3372
88
338
44357
5537
66
553
99144
9989
33
33
2289
22745
99
551
4424
11
4491
2292
117
88556
55
4433
33
667
998
556
5546
334
44
8867
66915
881
551
3325
77
883
446
77
11259
44
6665
99
334
99
227
116
5555
55
5537
771
6627429
88
889
2269
11
998
88
339
116
44235
2277
11
2246
665
5579
22
663
6672
1193
77
998
77896
66
881
33
224
8876
88
339
99135
66
33345
447
667
9944325
448
5582
229
99
2224
22339
33
99
227
772
77
661
8851
33
99149
3384
44596
33
66
8839
661
33
338
777
119
55
33
778
222
77565
1193
779
22
44173
8892
66
55285
88
119
1194
66
449
442
88
662
553316
77
77
445
99
22
4477
6664
77
22947
99
11848
11
8879
995
332
7727
664
22
99
77
229
7745
113
44572
11248
113
99871
4478
88
114
778
115464
5571
33
557
44
668
225
66
883
88
2253
77
4482
228
88
995
99
5547
1191
2231
223
2292
111
555
997
8892
66
33
551
66
9926
2272723
88
2218
33
775447
116
221
6675
336
77
664
443
444
665
663
881393
886
1172
33
