33
99614
8822249
778783
2291
114457
778778755
77793
553387
99877321
9915
997984
333736
8894182
9911
88
778
443148
2265441
22276436
554669
44441
884
66411
778
2244
3325948
11589
996
33513253
11285
886
998767
99
445194
338719
222924
228728554
778471
99745
6613
111292
337
6665
553
556
99698521
66465
6679
1186
445972
77447
8838
44691
229239
444623
446347
3387
661885
779318116
995
2219
88
44596
88879
44728918
3355288561
116813946
447117
33
3332
119737
994
4473258
442782
886241
44542
9993
99524841
77418
88854
9949912
7742
9985
11
99152642
66284874
334
44952
882212
88549
6664
8843
6621
449329
5548454
882183286
11991
11242
77526
229188
4458
224
557275998
665886
7789619
118316
9967
33944
22671
22149669
112
333
667841
448526
44318
332
553128
338477
55387688
22224
1142719
995
223
883
88818
112253
9948
887633
336741
11
338358
331413
6698
3393287
6662
115118
6658324
884373
3369
447
4411437
9916686
55596
77148941
33872
4493
777
998656
553
551
9984
33196327
77886143
334
773271
889418
33718
6697161
44
554544
66365
5514464
885245351
88763
55622
55
5524
882127
446884
1189323
55713
44777
9955643
4463
337
5525
6685
5549
114332
1149
33287
114639
884516
3381
77339317
881471
3336756
99312491
88963
1168
663669
997
4459
112
3392214
223863818
887841
8867
667
228526
22432
44831228
55899
444
7736
223
774989
8837
7716
88649258
1138
7769368
666437
7782665
99116682
4421
7717441
664511
1167
11
6622997
2217915
661
555332
22313
99689
88862655
22478
44975448
1122
7725773
66527
4493
8824576
22412
66176
99915
33581
9968425
336
3391686
88
998369
9915143
77974
7726952
88738
229531
882845
77547548
441286
77465648
7791799
7735
7716
33456
2258
6681212
33459929
8887812
888361
7719
33764
444962
335
1136694
22173651597
88291831
9981
221756
4499
444
77
881156
44
7786318
998649
7711
1118
667348
2225
554912267
66251
55183
227489
44614
995
44373
337385
22541
99965
66836
4481194
44145
773
99557
44835
881123
4472
5597
3375
445
5521
5573
774764
9944582
44133
556578
44575
77531459
224162
77583
883
113318
88295617
5524
11655
55
77128548
668786
3392
7746
772
22657
221
4494
88
7759691
668
882
3392271134
55
2274
2295
117
9912814
119
6632
779539
22165466
998
551374
22277
88
442
995121
44241566
3349
224633
66984
669
33445693
2216824
88484
779925
114
885359321
778
3397317
9932
3347292
44867
11262
44966
11337
3344763
66255
112771
557171
66769664
669785
114535
555591
337
66673
33219
116833
111497
993248
88
994198
33562
88
11836
77879
1185114
6673759
44456
221541384
335133
8896434
447831
2233588
8883992
1143
77237859
334
11739
559775
8852
4417357471
6687
33366
99753
22381
9931133
667
77535
5539
44331882
997985
88645
555
224273
88
661
8846
991
333
779
7746667
1135
772882
666735
6617
7757
224645633
22741337
997
2234
2259595
227
666735218
331
44354
999269
664865
1178569
88
2233
7716918
55115481
66532876
77488
55669
3328
44752
5564
7758677
334192
22793
11
88366
55198711
99174
3383967
117697
112631
55
443271
229822
2294
11618616
22
5594771
1131
11359
44194619
774
8871
11988
11547
222771987
667822
11
334775878
8896
99351
77
77
6613
55
3396
11586
118142
3342124
55
991
666914
998584
9956479
7765
444711
77845
8853
115197
2223889
6699
224684
77875211
7769
66235
8894472
5517528
668283
33323
882836
8853849
2243
557543795582
9924
888837
772927
88
661854
882733
665421
11389
449425
223
664
8854315
55295
114941654
886189
66961
88544
4484
22666
443242
669988
4438
3329
2247
88477
4463152
112355
229
3367
665
66441
22943
7727
9913
666625
5541
33126776
994742
772
662
9968725
339
557818
552
99
7743346924
55745848
2225983
667875
223375318
551277
33
7718
9985
22
66769815
442258
44822537
775573
663765
99611
77458
887835
55
77373
11578
553951
662955318
7737
8893
88
11867
9932823
226
99716
2249294
33781332
88216
667749
774
88313
992
88191
2225446
8819
2297199
772
11757
1152
441714
5518389
6614232
55614
66628511
77393
55148839
443323758
9914
553
1195
33
4483288
99313465
22458
7789
55
779916
116844
99293
554
7797
9997
11
66157139
775
3363737
99627
66943
771447
1124135
99335476
116691
33651
7754
118854
6614291
331
44133362
771691
6617
779
77764
993
77547
8821459
66
7786
882857371
556734
552234211
8894488
99542
331128
2265
777996
55
335
225
8874
778
4412
22
223395
4464
11835813
3381575
33389621
1188477
11771
224
118
773299
7773
3356
223
11952
44553
1196
77553
776442
226916
886958716
22488
5546156
665
8823
112
4438156
44458
9992375
33336526
3353
66
223323
9998
44378159
8884856
111439
8889
22388
11567281
4461
11332
88757
223
445
553545
556871
771116747
77
66121
66297621
2258258
4454556
4451
77467
2249
33
772188
8888
77374
99653
339115
77
44213
5548
55311
661329
772
553821
44374813
888215675
442
221
44491
5576
446354
885336
225
331771
449625
22913
774963485
9955
449
33562
2239455
99817
6658439
996
2287151
66238
996533
11655
883
9973
88438758
2276
888571391
6657719
5596
3389
333
881764
665
8822
2274
774224
337972
44551
77568
55456249
881853
22747
882
229537378
443245
88692
22239
7793
6677543
99
22
11816
558996988
993
3372
6682
338246
884837357
33353784
6637
11536
33914468
9922849
333
2233636
882689
669257435
9986
5518
4469284
99612814
446291
224592
2217
338525562
77715
44338
336
88667
99986987
5515561
5567476
33594
444
8867
661915
33817
555169
3381255
557
22838
11446893
1177
112459
114
666685
33429
3334
996
2257
116
55755
6656
66537
771926
6627429
8855
4489999
226219
111
9989
88
773918
116
4442335
222177
991
223476
668533
8829579
22
6683
66726
66193121
227
998493
7785986
66665
221851
559553
2264
11876
883
339
9913665
66367
331345
44771
6637
99454325
448
5586279
225299
889999
222143
223393
9963
991
22777
772
995746
66417734
1185531
337
9912749
776384
334596
9938
3386
55438939
661
1184363452
66438
777
11976
555118
3352
22633738
2242
557565
11913
7739
3372
44176434
88932
99613
2215692854
55681
7719
4419948
556466
4497
55942
11981
662
66533168
337321
77
5554455
99
224
992477
55376264
77
2294978
3393
33189483
117
88791
55958
112932
7727
88664
1182
119
7741
229316
4474325
3361314
44253782
1182448
1113
222983714
44478
8827
114
778238
115464
557221
4433
557
4432
88648859
6673275
3363
33839
7786
223253
77
7774827
77268
1198
9952
991
55487
119914
22231
55236
5529221
44511
55158
99971
88992
11693
33
2251
4446
9926
112727323
88
221538
33
775447
114366
223124
66275
33363
77
555164
4413
1144
66895
6663231
88215393
88561
221792
668532
